Cam0 trial 1

pnp [[ 0.79836414 -0.59380869  0.10002967]
 [-0.3320717  -0.57271739 -0.74948194]
 [ 0.50233762  0.56514248 -0.65442409]] [[-0.70797809]
 [ 0.36835008]
 [ 0.54932284]]


Cam0 trial 2

pnp [[ 0.80083968 -0.58880779  0.10936725]
 [-0.32758935 -0.58357283 -0.74305314]
 [ 0.50133924  0.55923889 -0.66023544]] [[-0.71158924]
 [ 0.3618086 ]
 [ 0.55759113]]

Debugging code

    obj_pts = np.array([
    [ 0.76705921, -0.3559493,   0.51366446],
    [ 0.78572166, -0.11296365,  0.44474629],
    [ 0.98339164, -0.15428311,  0.42214652],
    [ 1.00198151, -0.25182481,  0.42275788],
    [ 0.74664573, -0.24172938,  0.43851012],
    [ 0.53892491, -0.21981379,  0.43692762],
    [ 0.50720994, -0.36427336,  0.41009874],
    [ 0.72051874, -0.39625196,  0.41547865],
    [ 0.70545195, -0.38084628,  0.59439784],
    [ 0.5576491,  -0.33628653,  0.60709381],
    [ 0.46108493, -0.30811597,  0.59649548],
    [ 0.62370831, -0.06230942,  0.45740305],
    [ 0.5826437,  -0.07967703,  0.33772981],
    [ 0.7600918,  -0.05413025,  0.32063098],
    [ 1.01813282, -0.23753206,  0.30966612]
    ])

    img_pts = np.array(
    [[145.,  34.],
    [ 92.,  17.],
    [129.,  19.],
    [148.,  28.],
    [107.,  39.],
    [ 45.,  55.],
    [ 62., 105.],
    [134.,  76.],
    [150.,  17.],
    [ 83.,  13.],
    [ 22.,  24.],
    [ 48.,  18.],
    [ 41.,  50.],
    [ 75.,  38.],
    [140.,  46.]]
    )

    img_pts = np.flip(img_pts, axis=1)





CAD Registration

Pointy tool ->[0,0,4.375] in = [0,0,0.111125] m
Part dimensions -> [11.625, 7.25, 0.125] in = [0.295275, 0.18415, 0.003175] m
Point1 -> [3.90625, -1.6875, 0.0625] in = [0.09921875, -0.05715, 0.0015875] m
Point2 -> [4.28125, 1.375, 0.0625] in = [0.10874375, 0.034925, 0.0015875] m
Point3 -> [-4.0625, 1.59375, 0.0625] in = [-0.1031875, 0.04048125, 0.0015875] m
Point4 -> [-4.0, -1.4375, 0.0625] in = [-0.1016, -0.0365125, 0.0015875] m

world points (including tool offset)
World Point1 -> [0.82860444, -0.3437463, 0.12417985] m
FK: [[ 0.79647282 -0.59382855  0.11401185  0.82860444]
 [-0.59249099 -0.80408572 -0.0489957  -0.3437463 ]
 [ 0.12077034 -0.02852725 -0.99227049  0.12417985]
 [ 0.          0.          0.          1.        ]]


World Point2 -> [0.8416979, -0.24286122, 0.1243843] m
FK: [[ 0.86223543 -0.49626856  0.10132911  0.8416979 ]
 [-0.49557551 -0.86791106 -0.03369425 -0.24286122]
 [ 0.10466605 -0.02116385 -0.99428221  0.1243843 ]
 [ 0.          0.          0.          1.        ]]

World Point3 -> [0.64710065, -0.23427474, 0.12365474] m
FK: [[ 0.8629768  -0.5033294  -0.04393819  0.64710065]
 [-0.50453054 -0.8631126  -0.02203552 -0.23427474]
 [-0.02683248  0.0411843  -0.99879121  0.12365474]
 [ 0.          0.          0.          1.        ]]


World Point4 -> [0.64477991, -0.34191559, 0.12447893] m
FK: [[ 0.77493877 -0.63181678 -0.01665707  0.64477991]
 [-0.63203443 -0.77460306 -0.02285999 -0.34191559]
 [ 0.00154071  0.02824294 -0.9995999   0.12447893]
 [ 0.          0.          0.          1.        ]]
